--------------------------------------------------
shuffling the data:
torch.Size([3721, 2]) torch.Size([3721, 200])
--------------------------------------------------
splitting the data into train and test:
torch.Size([3571, 2]) torch.Size([3571, 200])
torch.Size([150, 2]) torch.Size([150, 200])
--------------------------------------------------
normalizing the data:
torch.Size([3571, 2]) torch.Size([3571, 200]) torch.Size([150, 2])
tensor([1.4724, 1.5945])
torch.Size([2])
67280
0 0.35536703300022054 3.091276559933866e-05 3.106569483255347e-05
1 0.3796453009999823 8.912461290036353e-06 8.36965007086595e-06
2 0.3875617630110355 6.134617886967901e-06 6.0178206573861345e-06
3 0.4487325179943582 4.009034112200153e-06 3.916814312105998e-06
4 0.3574323579960037 3.1156185310249467e-06 3.0573121330235155e-06
5 0.36077160100103356 2.2232607612086422e-06 2.1961422802026692e-06
6 0.35368701299012173 2.3616744386351968e-06 2.2065200755605474e-06
7 0.3441530300042359 1.7355606940506353e-06 1.6867149921987826e-06
8 0.3423807399958605 1.4354163706219186e-06 1.4074150385567918e-06
9 0.3382353829947533 1.4650487807560822e-06 1.4678041770821437e-06
10 0.3416143170034047 2.1957847892453575e-06 2.3278448740408447e-06
11 0.34715927101206034 1.2863812865379042e-06 1.253278557366381e-06
12 0.34666573800495826 1.2489450400164734e-06 1.2126483488827943e-06
13 0.3418216349964496 1.0569054644854254e-06 1.0806298087118194e-06
14 0.3501222580089234 1.153486432130515e-06 1.201001711403175e-06
15 0.3599340700020548 9.008015481714974e-07 8.647425784147345e-07
16 0.34073375500156544 1.0120696892836153e-06 9.884092287393286e-07
17 0.34275175699440297 9.79374098956368e-07 9.595836430283573e-07
18 0.35290073600481264 1.2388791408034074e-06 1.2756148741270105e-06
19 0.3394052149960771 8.967313477344388e-07 9.182947421019587e-07
20 0.3476805569953285 7.90417459340898e-07 7.654230770034095e-07
21 0.3571822259982582 8.534996328785185e-07 8.500163554951238e-07
22 0.3356834330043057 8.81613134394771e-07 9.211521076698167e-07
23 0.3341707320068963 8.579359987859664e-07 8.950682483070219e-07
24 0.358944755003904 8.379314715489724e-07 7.998266422267383e-07
25 0.33424222000758164 7.990323235568997e-07 8.453293412458151e-07
26 0.340719353989698 9.218361765955784e-07 9.402059367857873e-07
27 0.3343891770055052 8.043137519041118e-07 8.527109336379605e-07
28 0.3335479990055319 1.1026822771220873e-06 1.260014081102175e-06
29 0.33847010499448515 7.441121322272105e-07 6.763391259786052e-07
tensor([[-0.0509, -0.0509, -0.0510,  ...,  0.0527,  0.0527,  0.0527],
        [-0.0500, -0.0500, -0.0500,  ...,  0.0544,  0.0544,  0.0544],
        [-0.0500, -0.0501, -0.0500,  ...,  0.0528,  0.0528,  0.0528],
        ...,
        [-0.0488, -0.0489, -0.0489,  ...,  0.0574,  0.0574,  0.0574],
        [-0.0501, -0.0502, -0.0502,  ...,  0.0539,  0.0539,  0.0539],
        [-0.0526, -0.0526, -0.0526,  ...,  0.0521,  0.0521,  0.0521]],
       grad_fn=<AddBackward0>)
tensor([[-0.0509, -0.0509, -0.0509,  ...,  0.0527,  0.0527,  0.0527],
        [-0.0501, -0.0501, -0.0501,  ...,  0.0543,  0.0544,  0.0544],
        [-0.0499, -0.0499, -0.0499,  ...,  0.0529,  0.0529,  0.0529],
        ...,
        [-0.0488, -0.0488, -0.0488,  ...,  0.0574,  0.0574,  0.0573],
        [-0.0501, -0.0501, -0.0501,  ...,  0.0539,  0.0539,  0.0539],
        [-0.0526, -0.0526, -0.0526,  ...,  0.0521,  0.0521,  0.0521]])
