--------------------------------------------------
shuffling the data:
torch.Size([3721, 2]) torch.Size([3721, 200])
--------------------------------------------------
splitting the data into train and test:
torch.Size([3571, 2]) torch.Size([3571, 200])
torch.Size([150, 2]) torch.Size([150, 200])
--------------------------------------------------
normalizing the data:
torch.Size([3571, 2]) torch.Size([3571, 200]) torch.Size([150, 2])
tensor([1.4724, 1.5945])
torch.Size([2])
67280
0 0.3653142900002422 5.7200279198451327e-05 5.71790166820089e-05
1 0.3762960129970452 1.530720844752179e-05 1.4615560066886246e-05
2 0.4537352649931563 9.257622841391968e-06 8.841517458980283e-06
3 0.38055178899958264 6.215432484054459e-06 5.920861246219526e-06
4 0.33863362300326116 4.848973886601499e-06 4.548587118430684e-06
5 0.358643336003297 4.0189187542893446e-06 3.771001211134717e-06
6 0.3506402450002497 3.656472054158096e-06 3.5022370381436e-06
7 0.3391604799980996 3.940772418547198e-06 3.7983941244116675e-06
8 0.33766392900724895 2.4160208012068914e-06 2.2831480115807304e-06
9 0.34006545499141794 2.48309089227138e-06 2.5196483087105055e-06
10 0.3406909170007566 2.002242083594232e-06 1.8822404672391713e-06
11 0.33551909499510657 2.159901877155293e-06 2.0582603853351125e-06
12 0.3371850789990276 1.8422970158634516e-06 1.7560723063070326e-06
13 0.3635938509978587 1.6987576738554902e-06 1.689035949918131e-06
14 0.3421747269894695 2.1228703947435806e-06 2.208663039103461e-06
15 0.33922121798968874 1.5573768564313441e-06 1.5427539377318074e-06
16 0.33815204599522986 1.7654484289679263e-06 1.7387047895075132e-06
17 0.3633773979963735 1.7763631070438002e-06 1.7666555747079353e-06
18 0.3741915179998614 1.7572157043213606e-06 1.7368035575297352e-06
19 0.341044750995934 2.0019930180499147e-06 2.016557458167275e-06
20 0.34244089999992866 1.3657033159698768e-06 1.3654660870088265e-06
21 0.3508666900015669 1.391007984070109e-06 1.3845330492282908e-06
22 0.33914294400892686 1.3003740756994402e-06 1.3580299855675548e-06
23 0.3430751069972757 1.5288387698824751e-06 1.6022409302725768e-06
24 0.33895748099894263 5.278877185793759e-06 5.334256469116857e-06
25 0.3361143539950717 1.7455389639203604e-06 1.8324800233434264e-06
26 0.33319762400060426 1.2701190017044827e-06 1.1915604894359906e-06
27 0.33512191800400615 1.4022267568315053e-06 1.4971947287752604e-06
28 0.34961493700393476 1.950547551865072e-06 2.246155539372315e-06
29 0.33252512200851925 1.0636977818008232e-06 1.060351096384693e-06
tensor([[-0.1044, -0.1024, -0.1004,  ...,  0.0984,  0.1004,  0.1025],
        [-0.1016, -0.0996, -0.0975,  ...,  0.1010,  0.1030,  0.1051],
        [-0.1031, -0.1011, -0.0990,  ...,  0.0980,  0.1000,  0.1020],
        ...,
        [-0.1002, -0.0981, -0.0961,  ...,  0.1071,  0.1091,  0.1111],
        [-0.1022, -0.1002, -0.0982,  ...,  0.1003,  0.1024,  0.1044],
        [-0.1066, -0.1045, -0.1025,  ...,  0.0966,  0.0986,  0.1007]],
       grad_fn=<AddBackward0>)
tensor([[-0.1044, -0.1024, -0.1004,  ...,  0.0984,  0.1004,  0.1025],
        [-0.1017, -0.0997, -0.0977,  ...,  0.1008,  0.1029,  0.1049],
        [-0.1030, -0.1010, -0.0990,  ...,  0.0981,  0.1001,  0.1021],
        ...,
        [-0.1001, -0.0981, -0.0961,  ...,  0.1070,  0.1090,  0.1110],
        [-0.1022, -0.1002, -0.0982,  ...,  0.1003,  0.1024,  0.1044],
        [-0.1068, -0.1047, -0.1027,  ...,  0.0965,  0.0986,  0.1006]])
