--------------------------------------------------
shuffling the data:
torch.Size([3721, 2]) torch.Size([3721, 200])
--------------------------------------------------
splitting the data into train and test:
torch.Size([3571, 2]) torch.Size([3571, 200])
torch.Size([150, 2]) torch.Size([150, 200])
--------------------------------------------------
normalizing the data:
torch.Size([3571, 2]) torch.Size([3571, 200]) torch.Size([150, 2])
tensor([1.4724, 1.5945])
torch.Size([2])
67280
0 0.36944404199311975 3.31894844328112e-05 3.34123723829786e-05
1 0.40046541499032173 9.911540124770875e-06 9.537771693430842e-06
2 0.4890566510002827 6.068137468359645e-06 5.377533476954947e-06
3 0.3751107339921873 4.233156068256275e-06 3.846176696242765e-06
4 0.37888817199564073 3.128312267331775e-06 2.633151404249171e-06
5 0.3684520050010178 2.2352638948334263e-06 1.9480833968070025e-06
6 0.36141041399969254 2.5689793848183533e-06 2.351366298777672e-06
7 0.3581683560041711 1.698102018590135e-06 1.4976776098289218e-06
8 0.3459663370013004 1.3728156368694397e-06 1.1985826010156112e-06
9 0.3481638280063635 1.304129618985484e-06 1.1979570263065397e-06
10 0.35160383000038564 1.25505718671451e-06 1.063508619457328e-06
11 0.35177075999672525 1.1048483649527982e-06 9.760725515661762e-07
12 0.35277205701277126 1.0290168391635057e-06 9.381375275552273e-07
13 0.3970030280033825 1.1157460909235614e-06 9.857719123829156e-07
14 0.34889540600124747 9.404254638574531e-07 8.613604586571455e-07
15 0.34869975500623696 8.460731764311752e-07 7.705471337734101e-07
16 0.3610694560047705 1.040553203094109e-06 1.0134626306050148e-06
17 0.3516409550065873 8.736442105838879e-07 8.23469708848279e-07
18 0.3509500889922492 8.898309281487587e-07 7.95530710699192e-07
19 0.3537565180013189 1.0730353272977713e-06 1.0322968713201893e-06
20 0.34972404199652374 7.0953753144926e-07 6.608562944165897e-07
21 0.34502982400590554 9.36951716718671e-07 9.510117282237237e-07
22 0.34151350100000855 8.79254770571863e-07 8.189967411453835e-07
23 0.3601892750011757 8.272740742683544e-07 7.555388098505015e-07
24 0.34486527400440536 9.135970623093939e-07 9.140626085960927e-07
25 0.34381953898991924 1.0708502661494172e-06 9.978788026880163e-07
26 0.3607057879999047 8.262776816902759e-07 8.042205809033476e-07
27 0.33900719600205775 6.745671642173809e-07 7.059116493716525e-07
28 0.339995643007569 8.483379124735491e-07 8.609209908172488e-07
29 0.33876797200355213 6.664375866103726e-07 6.352548310436153e-07
tensor([[-0.0535, -0.0515, -0.0494,  ...,  0.0457,  0.0477,  0.0497],
        [-0.0516, -0.0496, -0.0476,  ...,  0.0465,  0.0485,  0.0505],
        [-0.0531, -0.0510, -0.0490,  ...,  0.0454,  0.0474,  0.0494],
        ...,
        [-0.0513, -0.0493, -0.0472,  ...,  0.0496,  0.0517,  0.0537],
        [-0.0521, -0.0501, -0.0481,  ...,  0.0463,  0.0484,  0.0504],
        [-0.0541, -0.0521, -0.0500,  ...,  0.0445,  0.0465,  0.0486]],
       grad_fn=<AddBackward0>)
tensor([[-0.0535, -0.0515, -0.0494,  ...,  0.0457,  0.0477,  0.0497],
        [-0.0517, -0.0497, -0.0476,  ...,  0.0465,  0.0485,  0.0505],
        [-0.0531, -0.0511, -0.0491,  ...,  0.0452,  0.0472,  0.0493],
        ...,
        [-0.0513, -0.0493, -0.0473,  ...,  0.0496,  0.0517,  0.0537],
        [-0.0521, -0.0501, -0.0480,  ...,  0.0464,  0.0485,  0.0505],
        [-0.0541, -0.0521, -0.0501,  ...,  0.0444,  0.0465,  0.0485]])
